0.30854 0.626517 0 1
0.874482 0.420112 1 0
0.822158 0.00533259 0 1
0.624787 0.790825 1 0
0.398677 0.57269 0 1
0.20494 0.4334 0 1
0.14996 0.382872 0 1
0.930824 0.35895 1 0
0.881172 0.861277 1 0
0.48905 0.467517 0 1
0.558726 0.511105 1 0
0.146122 0.880238 1 0
0.153058 0.441384 0 1
0.336998 0.924094 1 0
0.249335 0.571794 0 1
0.148524 0.247343 0 1
0.0974896 0.507177 0 1
0.122887 0.362537 0 1
0.166231 0.845778 1 0
0.987723 0.666149 1 0
0.961039 0.178023 1 0
0.0274794 0.846572 0 1
0.338789 0.0312444 0 1
0.125014 0.107272 0 1
0.919919 0.0742028 0 1
0.125946 0.782668 0 1
0.298102 0.196001 0 1
0.181925 0.618644 0 1
0.557602 0.622594 1 0
0.929017 0.993413 1 0
0.285418 0.0160876 0 1
0.38355 0.330314 0 1
0.592733 0.0576101 0 1
0.25228 0.0759357 0 1
0.251404 0.347429 0 1
0.235595 0.646747 0 1
0.883127 0.720524 1 0
0.838703 0.0809125 0 1
0.897111 0.740397 1 0
0.858697 0.112753 0 1
0.0327709 0.780181 0 1
0.501392 0.901498 1 0
0.469953 0.506408 0 1
0.191737 0.525927 0 1
0.250213 0.330707 0 1
0.18864 0.474701 0 1
0.30572 0.234118 0 1
0.82375 0.770482 1 0
0.497248 0.25283 0 1
0.308038 0.199365 0 1
0.71957 0.810964 1 0
0.871507 0.423708 1 0
0.255479 0.841692 1 0
0.310683 0.657556 0 1
0.543536 0.202433 0 1
0.299507 0.812931 1 0
0.926804 0.794953 1 0
0.782196 0.365881 1 0
0.359273 0.297748 0 1
0.243687 0.643304 0 1
0.0132703 0.0343685 0 1
0.631249 0.395692 1 0
0.398729 0.440462 0 1
0.851814 0.440314 1 0
0.359288 0.548622 0 1
0.687486 0.571907 1 0
0.0432491 0.888164 0 1
0.367966 0.410865 0 1
0.407228 0.286752 0 1
0.432594 0.599408 1 0
0.251094 0.142791 0 1
0.896489 0.284618 1 0
0.582946 0.58167 1 0
0.133325 0.79955 0 1
0.035152 0.799663 0 1
0.931888 0.245695 1 0
0.392933 0.0224667 0 1
0.598454 0.219192 0 1
0.955283 0.441054 1 0
0.79783 0.133771 0 1
0.293314 0.730375 1 0
0.406875 0.350505 0 1
0.941051 0.25176 1 0
0.336581 0.922585 1 0
0.886373 0.272532 1 0
0.447255 0.0129181 0 1
0.114605 0.158288 0 1
0.352853 0.401394 0 1
0.228058 0.969745 1 0
0.504189 0.91269 1 0
0.5781 0.132004 0 1
0.586021 0.25183 0 1
0.502914 0.473001 0 1
0.725119 0.0670921 0 1
0.617577 0.62462 1 0
0.985581 0.651584 1 0
0.179029 0.944904 1 0
0.00865794 0.514009 0 1
0.945859 0.0560333 1 0
0.751724 0.233016 0 1
0.294132 0.481728 0 1
0.403683 0.704289 1 0
0.989948 0.0573244 1 0
0.450756 0.853683 1 0
0.852605 0.739593 1 0
0.338839 0.87218 1 0
0.728812 0.143536 0 1
0.417944 0.381095 0 1
0.0715583 0.679635 0 1
0.633065 0.915511 1 0
0.998901 0.533369 1 0
0.327365 0.0180679 0 1
0.667721 0.392636 1 0
0.0414914 0.346257 0 1
0.545961 0.958572 1 0
0.724312 0.50808 1 0
0.293451 0.027234 0 1
0.722326 0.133647 0 1
0.205818 0.182294 0 1
0.821707 0.435418 1 0
0.0668855 0.143828 0 1
0.314277 0.0521136 0 1
0.87323 0.375169 1 0
0.472134 0.161662 0 1
0.0516974 0.877536 0 1
0.744784 0.587626 1 0
0.237441 0.66333 0 1
0.581326 0.350045 0 1
0.214077 0.993527 1 0
0.201978 0.647337 0 1
0.792876 0.86787 1 0
0.297666 0.877954 1 0
0.773122 0.862126 1 0
0.751747 0.617251 1 0
0.141841 0.925021 1 0
0.83191 0.91181 1 0
0.791201 0.712757 1 0
0.31403 0.910728 1 0
0.600332 0.774087 1 0
0.085626 0.115847 0 1
0.0465784 0.842509 0 1
0.0489356 0.460107 0 1
0.0140103 0.471009 0 1
0.252715 0.389427 0 1
0.105215 0.34165 0 1
0.107073 0.581557 0 1
0.236057 0.408948 0 1
0.192945 0.834682 1 0
0.498195 0.159745 0 1
0.83707 0.637803 1 0
0.563751 0.967358 1 0
0.381658 0.524137 0 1
0.178626 0.162737 0 1
0.123747 0.809506 0 1
0.373187 0.156204 0 1
0.318995 0.356541 0 1
0.386653 0.481655 0 1
0.168612 0.85748 1 0
0.669658 0.938656 1 0
0.985787 0.123448 1 0
0.788765 0.777489 1 0
0.252331 0.920964 1 0
0.649465 0.565277 1 0
0.607639 0.590905 1 0
0.344394 0.221825 0 1
0.219913 0.0724435 0 1
0.558471 0.226708 0 1
0.283221 0.103103 0 1
0.852689 0.13984 0 1
0.290667 0.242795 0 1
0.658515 0.661051 1 0
0.281806 0.321561 0 1
0.473512 0.316789 0 1
0.277849 0.806203 1 0
0.859693 0.867303 1 0
0.761948 0.0530403 0 1
0.448112 0.413539 0 1
0.354779 0.773996 1 0
0.558044 0.0442064 0 1
0.977371 0.67516 1 0
0.408469 0.130282 0 1
0.657639 0.940112 1 0
0.463039 0.291226 0 1
0.635722 0.576484 1 0
0.966958 0.658736 1 0
0.380282 0.406412 0 1
0.571564 0.271904 0 1
0.897818 0.624457 1 0
0.254632 0.592714 0 1
0.746692 0.650571 1 0
0.143301 0.457613 0 1
0.103388 0.644 0 1
0.705279 0.62452 1 0
0.312209 0.294026 0 1
0.69388 0.0428976 0 1
0.980092 0.412462 1 0
0.242377 0.63319 0 1
0.0285997 0.675549 0 1
0.94794 0.0283835 0 1
0.0411003 0.772193 0 1
0.250836 0.799587 1 0
0.658648 0.889093 1 0
0.985486 0.0671046 1 0
0.827669 0.625005 1 0
0.45485 0.655726 1 0
0.78275 0.685302 1 0
0.874336 0.958468 1 0
0.978577 0.952132 1 0
0.481493 0.446107 0 1
0.727883 0.535463 1 0
0.527814 0.976279 1 0
0.324014 0.707435 1 0
0.860485 0.166707 1 0
0.846104 0.466284 1 0
0.82784 0.509444 1 0
0.232821 0.019642 0 1
0.123471 0.181719 0 1
0.158294 0.439953 0 1
0.285438 0.359689 0 1
0.287063 0.670775 0 1
0.709475 0.137634 0 1
0.217438 0.475721 0 1
0.449069 0.497534 0 1
0.0578056 0.538455 0 1
0.82011 0.592114 1 0
0.658071 0.207076 0 1
0.324699 0.211807 0 1
0.832166 0.210068 1 0
0.607525 0.666918 1 0
0.883783 0.743049 1 0
0.423381 0.771402 1 0
0.945859 0.0605256 1 0
0.254415 0.950471 1 0
0.559308 0.290122 0 1
0.0862562 0.707899 0 1
0.658296 0.973461 1 0
0.964478 0.983876 1 0
0.997603 0.713702 1 0
0.183231 0.559159 0 1
0.776723 0.383283 1 0
0.836703 0.461679 1 0
0.439003 0.316585 0 1
0.840601 0.988104 1 0
0.0694492 0.233164 0 1
0.784483 0.805915 1 0
0.0172057 0.176267 0 1
0.524893 0.870414 1 0
0.0476353 0.606591 0 1
0.968943 0.0190813 0 1
0.699897 0.161772 0 1
0.901945 0.989106 1 0
0.910215 0.982615 1 0
0.805572 0.242488 1 0
0.493135 0.11549 0 1
0.0359737 0.610442 0 1
0.695122 0.91069 1 0
0.972281 0.129664 1 0
0.26973 0.360061 0 1
0.54131 0.805725 1 0
0.812574 0.924307 1 0
0.836035 0.235496 1 0
0.978001 0.264402 1 0
0.79812 0.998924 1 0
0.917784 0.200443 1 0
0.840284 0.644901 1 0
0.853804 0.878805 1 0
0.0837165 0.0231237 0 1
0.639434 0.969975 1 0
0.363122 0.986814 1 0
0.383104 0.835251 1 0
0.0622372 0.0199142 0 1
0.697742 0.941218 1 0
0.0453516 0.223908 0 1
0.219921 0.216363 0 1
0.406857 0.052978 0 1
0.400497 0.159832 0 1
0.293166 0.243288 0 1
0.933946 0.824402 1 0
0.726178 0.880754 1 0
0.829472 0.94331 1 0
0.220053 0.422796 0 1
0.934704 0.572227 1 0
0.42164 0.497705 0 1
0.923853 0.202625 1 0
0.511519 0.105025 0 1
0.151481 0.936946 1 0
0.251335 0.186583 0 1
0.893169 0.487333 1 0
0.60231 0.0200344 0 1
0.717391 0.188213 0 1
0.287981 0.101002 0 1
0.534906 0.167109 0 1
0.599384 0.845219 1 0
0.593098 0.20448 0 1
0.688777 0.274014 0 1
0.358267 0.399529 0 1
0.875333 0.723545 1 0
0.626079 0.51415 1 0
0.312639 0.530083 0 1
0.112815 0.0780608 0 1
0.967165 0.148225 1 0
0.213117 0.862182 1 0
0.695334 0.470679 1 0
0.697512 0.0781766 0 1
0.913889 0.72611 1 0
0.725355 0.0373467 0 1
0.6852 0.159727 0 1
0.528304 0.208986 0 1
0.42258 0.302353 0 1
0.648607 0.146318 0 1
0.174427 0.591927 0 1
0.521944 0.305376 0 1
0.449226 0.141493 0 1
0.0741606 0.417637 0 1
0.218228 0.749627 0 1
0.983111 0.148638 1 0
0.155404 0.878701 1 0
0.329123 0.5664 0 1
0.482251 0.196899 0 1
0.276166 0.526831 0 1
0.450595 0.154376 0 1
0.601013 0.219573 0 1
0.366989 0.984764 1 0
0.924407 0.502449 1 0
0.655961 0.730019 1 0
0.426441 0.196611 0 1
0.445755 0.798603 1 0
0.112552 0.668903 0 1
0.260384 0.266649 0 1
0.570995 0.718107 1 0
0.220614 0.851153 1 0
0.32424 0.503428 0 1
0.107717 0.39371 0 1
0.0849901 0.428377 0 1
0.726148 0.371468 1 0
0.270985 0.438179 0 1
0.480018 0.660356 1 0
0.603572 0.237916 0 1
0.657919 0.642688 1 0
0.653036 0.571936 1 0
0.52994 0.697057 1 0
0.440532 0.0279687 0 1
0.0706541 0.482713 0 1
0.949097 0.480691 1 0
0.977388 0.955218 1 0
0.356679 0.711132 1 0
0.99396 0.482936 1 0
0.698562 0.735773 1 0
0.13075 0.519071 0 1
0.0175461 0.897077 0 1
0.17574 0.670358 0 1
0.699967 0.343053 1 0
0.689536 0.0340172 0 1
0.726527 0.738361 1 0
0.629319 0.968681 1 0
0.61804 0.397801 1 0
0.842915 0.88001 1 0
0.324656 0.496171 0 1
0.148356 0.415011 0 1
0.0981117 0.963496 1 0
0.474744 0.0303869 0 1
0.712536 0.587348 1 0
0.562148 0.014062 0 1
0.340769 0.310187 0 1
0.320094 0.811675 1 0
0.830278 0.479368 1 0
0.743847 0.829772 1 0
0.977122 0.483857 1 0
0.187557 0.278455 0 1
0.000589329 0.904857 0 1
0.936229 0.205637 1 0
0.140709 0.896488 1 0
0.272237 0.490166 0 1
0.214051 0.548817 0 1
0.96178 0.641719 1 0
0.37508 0.967906 1 0
0.598781 0.708771 1 0
0.32218 0.881754 1 0
0.632014 0.262204 0 1
0.864748 0.812124 1 0
0.375446 0.114784 0 1
0.166815 0.662455 0 1
0.887694 0.466621 1 0
0.490711 0.386047 0 1
0.286564 0.285047 0 1
0.784075 0.947457 1 0
0.901936 0.831084 1 0
0.0307345 0.555554 0 1
0.200758 0.139197 0 1
0.488204 0.237644 0 1
0.0784754 0.936712 1 0
0.31086 0.620244 0 1
0.436313 0.108361 0 1
0.224247 0.916188 1 0
0.364707 0.628511 0 1
0.378496 0.378903 0 1
0.224417 0.776186 1 0
0.350166 0.237006 0 1
0.354855 0.0432379 0 1
0.698836 0.337333 1 0
0.562516 0.201887 0 1
0.114511 0.590917 0 1
0.543097 0.834729 1 0
0.283438 0.740643 1 0
0.985862 0.38149 1 0
0.698983 0.7994 1 0
0.509137 0.057775 0 1
0.0249125 0.705066 0 1
0.0376874 0.412365 0 1
0.619259 0.879769 1 0
0.285224 0.766039 1 0
0.817806 0.863772 1 0
0.411099 0.339697 0 1
0.289933 0.905205 1 0
0.779295 0.608273 1 0
0.251391 0.12253 0 1
0.365715 0.572209 0 1
0.112936 0.121189 0 1
0.827525 0.206821 1 0
0.0406068 0.478879 0 1
0.523639 0.797054 1 0
0.0839031 0.159995 0 1
0.0372242 0.627953 0 1
0.0051977 0.357707 0 1
0.976658 0.693787 1 0
0.471676 0.453745 0 1
0.0879777 0.641892 0 1
0.282607 0.782353 1 0
0.998398 0.0673816 1 0
0.481948 0.0953112 0 1
0.895116 0.21998 1 0
0.196701 0.961738 1 0
0.931241 0.374672 1 0
0.116757 0.339805 0 1
0.0989592 0.207245 0 1
0.171494 0.293017 0 1
0.734482 0.443654 1 0
0.49353 0.757189 1 0
0.0806635 0.710621 0 1
0.415226 0.704143 1 0
0.525534 0.649367 1 0
0.913271 0.348242 1 0
0.908286 0.557247 1 0
0.647818 0.876944 1 0
0.800764 0.436305 1 0
0.982771 0.43736 1 0
0.717582 0.40604 1 0
0.312652 0.740433 1 0
0.453947 0.482305 0 1
0.106761 0.333265 0 1
0.179168 0.280332 0 1
0.542329 0.920178 1 0
0.438476 0.463513 0 1
0.267721 0.581717 0 1
0.919969 0.925712 1 0
0.437296 0.641723 1 0
0.432455 0.271431 0 1
0.941398 0.0728886 1 0
0.0387976 0.0715485 0 1
0.516096 0.0194435 0 1
0.786699 0.0457446 0 1
0.829176 0.956207 1 0
0.973768 0.110598 1 0
0.81494 0.698738 1 0
0.686846 0.82145 1 0
0.1067 0.30549 0 1
0.373754 0.678211 1 0
0.689704 0.861027 1 0
0.280209 0.470423 0 1
0.395372 0.0191099 0 1
0.179489 0.665892 0 1
0.640484 0.61054 1 0
0.353756 0.582594 0 1
0.652609 0.393473 1 0
0.097588 0.16146 0 1
0.65978 0.926306 1 0
0.420566 0.455051 0 1
0.0478151 0.627812 0 1
0.632837 0.0972136 0 1
0.868973 0.831197 1 0
0.935602 0.669348 1 0
0.735732 0.453456 1 0
0.238885 0.932963 1 0
0.31466 0.499015 0 1
0.942373 0.45888 1 0
0.390455 0.378575 0 1
0.710802 0.456741 1 0
0.445522 0.888267 1 0
0.0982357 0.0481432 0 1
0.14307 0.575217 0 1
0.678975 0.53424 1 0
0.968936 0.912126 1 0
0.104484 0.0594389 0 1
0.989242 0.19204 1 0
0.613975 0.0708895 0 1
0.440351 0.977806 1 0
0.980019 0.176099 1 0
0.691833 0.638022 1 0
0.232659 0.303986 0 1
0.0894391 0.202182 0 1
0.0663177 0.601778 0 1
0.0752926 0.442398 0 1
0.376686 0.969506 1 0
0.490898 0.51877 1 0
0.969327 0.472205 1 0
0.341581 0.951713 1 0
0.447121 0.755973 1 0
0.641873 0.96229 1 0
0.203759 0.583771 0 1
0.434782 0.384455 0 1
0.533733 0.453064 0 1
0.644848 0.953403 1 0
0.850893 0.958214 1 0
0.701396 0.367072 1 0
0.372465 0.0211601 0 1
0.637732 0.369502 1 0
0.221652 0.298728 0 1
0.724557 0.627567 1 0
0.523618 0.444625 0 1
0.805765 0.496731 1 0
0.563134 0.586485 1 0
0.0540782 0.891594 0 1
0.0195929 0.297335 0 1
0.315879 0.971693 1 0
0.249327 0.441391 0 1
0.465898 0.351465 0 1
0.0689915 0.539467 0 1
0.824924 0.505142 1 0
0.922319 0.409064 1 0
0.134691 0.754534 0 1
0.445447 0.633426 1 0
0.986974 0.0688091 1 0
0.474168 0.340207 0 1
0.857835 0.635699 1 0
0.194557 0.922896 1 0
0.119013 0.253845 0 1
0.365227 0.363271 0 1
0.494633 0.299635 0 1
0.959853 0.24131 1 0
0.691333 0.227735 0 1
0.541681 0.0243071 0 1
0.529823 0.733953 1 0
0.554057 0.0337919 0 1
0.940763 0.411018 1 0
0.978472 0.185517 1 0
0.982726 0.67915 1 0
0.468205 0.118031 0 1
0.746521 0.78324 1 0
0.906934 0.846931 1 0
0.371856 0.776764 1 0
0.0661024 0.982567 1 0
0.00361923 0.828412 0 1
0.12698 0.153772 0 1
0.442691 0.300537 0 1
0.127387 0.000882261 0 1
0.828168 0.0180031 0 1
0.578854 0.803248 1 0
0.184225 0.270703 0 1
0.705754 0.604897 1 0
0.500947 0.417751 0 1
0.1431 0.0740076 0 1
0.845289 0.772634 1 0
0.659144 0.233701 0 1
0.811347 0.306919 1 0
0.395378 0.110577 0 1
0.461619 0.425292 0 1
0.884576 0.0612441 0 1
0.329767 0.393023 0 1
0.544555 0.330568 0 1
0.853463 0.15024 1 0
0.0789206 0.418306 0 1
0.464822 0.26118 0 1
0.653975 0.350664 1 0
0.60154 0.075924 0 1
0.054203 0.989781 1 0
0.248292 0.0393733 0 1
0.747046 0.605906 1 0
0.455508 0.726642 1 0
0.665573 0.283498 0 1
0.75685 0.378426 1 0
0.198945 0.666712 0 1
0.428574 0.0457261 0 1
0.518923 0.53521 1 0
0.267585 0.302068 0 1
0.856115 0.718673 1 0
0.74417 0.266344 1 0
0.43858 0.209709 0 1
0.584398 0.974389 1 0
0.561454 0.353421 0 1
0.954072 0.0953586 1 0
0.691489 0.847612 1 0
0.816261 0.905912 1 0
0.661484 0.566677 1 0
0.14168 0.21907 0 1
0.904735 0.882872 1 0
0.425389 0.505957 0 1
0.613276 0.328761 0 1
0.482204 0.400362 0 1
0.88624 0.0395594 0 1
0.874769 0.236021 1 0
0.810865 0.206713 1 0
0.231565 0.913763 1 0
0.620229 0.19501 0 1
0.535277 0.400953 0 1
0.81532 0.085243 0 1
0.678878 0.898889 1 0
0.621953 0.157632 0 1
0.324818 0.214113 0 1
0.591422 0.0313034 0 1
0.115926 0.369704 0 1
0.620973 0.684706 1 0
0.85141 0.643167 1 0
0.71105 0.615533 1 0
0.258461 0.955585 1 0
0.522637 0.968294 1 0
0.113419 0.237471 0 1
0.169954 0.416966 0 1
0.949367 0.0130669 0 1
0.615106 0.0869868 0 1
0.986478 0.742593 1 0
0.762109 0.772899 1 0
0.117936 0.153135 0 1
0.741876 0.708178 1 0
0.349273 0.224456 0 1
0.438101 0.158598 0 1
0.55713 0.689762 1 0
0.832342 0.17202 1 0
0.13575 0.545945 0 1
0.695411 0.766185 1 0
0.279121 0.182765 0 1
0.728876 0.219686 0 1
0.258427 0.379713 0 1
0.840648 0.773081 1 0
0.178062 0.691375 0 1
0.934065 0.82706 1 0
0.404635 0.704229 1 0
0.97713 0.620623 1 0
0.810405 0.481461 1 0
0.911645 0.0123311 0 1
0.24801 0.310305 0 1
0.301636 0.60118 0 1
0.0305937 0.18897 0 1
0.0151525 0.66824 0 1
0.109412 0.883792 0 1
0.885958 0.303393 1 0
0.124585 0.897268 1 0
0.390281 0.449157 0 1
0.985163 0.629038 1 0
0.242493 0.578536 0 1
0.455834 0.20125 0 1
0.400681 0.251216 0 1
0.193332 0.323133 0 1
0.901455 0.752111 1 0
0.728941 0.31598 1 0
0.677177 0.30643 0 1
0.175178 0.209396 0 1
0.324005 0.56008 0 1
0.26701 0.629701 0 1
0.38142 0.524738 0 1
0.26428 0.75341 1 0
0.567932 0.226913 0 1
0.725627 0.604604 1 0
0.58684 0.0244161 0 1
0.361741 0.784024 1 0
0.0918231 0.270171 0 1
0.768025 0.187762 0 1
0.71179 0.0497943 0 1
0.89244 0.245303 1 0
0.799483 0.908241 1 0
0.805086 0.0771507 0 1
0.671849 0.771185 1 0
0.308187 0.69121 0 1
0.167475 0.745103 0 1
0.945661 0.717195 1 0
0.889774 0.424093 1 0
0.726752 0.519507 1 0
0.349367 0.812388 1 0
0.797626 0.700445 1 0
0.375647 0.498397 0 1
0.556452 0.289427 0 1
0.392479 0.390207 0 1
0.210533 0.420198 0 1
0.263931 0.896664 1 0
0.237242 0.318128 0 1
0.779154 0.233996 1 0
0.764139 0.891541 1 0
0.133844 0.508162 0 1
0.683539 0.243013 0 1
0.317233 0.735479 1 0
0.191458 0.837133 1 0
0.698261 0.670969 1 0
0.977305 0.557233 1 0
0.419272 0.710455 1 0
0.614145 0.935153 1 0
0.113904 0.391201 0 1
0.9207 0.198578 1 0
0.499009 0.838486 1 0
0.42628 0.485408 0 1
0.256724 0.758493 1 0
0.992502 0.975286 1 0
0.638015 0.117745 0 1
0.934642 0.536493 1 0
0.842295 0.444971 1 0
0.624045 0.319193 0 1
0.67176 0.26756 0 1
0.873715 0.529894 1 0
0.928179 0.90515 1 0
0.849906 0.364394 1 0
0.363775 0.960714 1 0
0.723505 0.949873 1 0
0.517716 0.257196 0 1
0.700035 0.490735 1 0
0.785403 0.26528 1 0
0.557823 0.324357 0 1
0.46128 0.732336 1 0
0.376716 0.460642 0 1
0.0132549 0.775159 0 1
0.0997053 0.747421 0 1
0.90636 0.189559 1 0
0.923563 0.322625 1 0
0.359865 0.251661 0 1
0.658772 0.983101 1 0
0.973006 0.315901 1 0
0.339666 0.761512 1 0
0.736825 0.819151 1 0
0.468666 0.873055 1 0
0.436188 0.00731744 0 1
0.984255 0.378207 1 0
0.526241 0.534257 1 0
0.252212 0.922368 1 0
0.239121 0.900964 1 0
0.4994 0.419789 0 1
0.393858 0.579317 0 1
0.57376 0.187174 0 1
0.837714 0.451686 1 0
0.482536 0.975562 1 0
0.27654 0.802484 1 0
0.341396 0.838032 1 0
0.795797 0.956565 1 0
0.980138 0.180722 1 0
0.386275 0.118433 0 1
0.5015 0.705875 1 0
0.638548 0.0690449 0 1
0.438302 0.545279 0 1
0.50958 0.51402 1 0
0.127979 0.940363 1 0
0.687572 0.0215855 0 1
0.787747 0.661994 1 0
0.131903 0.886251 1 0
0.217312 0.361013 0 1
0.544099 0.672661 1 0
0.416209 0.232605 0 1
0.391087 0.995679 1 0
0.374979 0.28033 0 1
0.500137 0.799963 1 0
0.970184 0.880652 1 0
0.119544 0.172744 0 1
0.302443 0.166023 0 1
0.350373 0.712321 1 0
0.972755 0.0977692 1 0
0.207217 0.694641 0 1
0.827123 0.457806 1 0
0.349766 0.518522 0 1
0.792926 0.699242 1 0
0.162287 0.564515 0 1
0.800686 0.127455 0 1
0.129233 0.0256979 0 1
0.90412 0.544324 1 0
0.454167 0.186996 0 1
0.834157 0.668579 1 0
0.805615 0.979834 1 0
0.0627691 0.95971 1 0
0.840853 0.21018 1 0
0.496943 0.125118 0 1
0.853851 0.681947 1 0
0.491536 0.241287 0 1
0.315972 0.543878 0 1
0.954823 0.70533 1 0
0.480349 0.232418 0 1
0.247219 0.0031062 0 1
0.205843 0.605036 0 1
0.835334 0.456896 1 0
0.0537613 0.566157 0 1
0.394726 0.167058 0 1
0.750912 0.570531 1 0
0.908909 0.0263775 0 1
0.327035 0.470706 0 1
0.157334 0.317843 0 1
0.993384 0.797311 1 0
0.398854 0.546421 0 1
0.697537 0.498437 1 0
0.230036 0.220701 0 1
0.320139 0.572461 0 1
0.355588 0.361528 0 1
0.205871 0.0673863 0 1
0.561706 0.59691 1 0
0.268955 0.323474 0 1
0.627618 0.374806 1 0
0.362925 0.685002 1 0
0.826429 0.795107 1 0
0.368631 0.579493 0 1
0.539336 0.617395 1 0
0.562005 0.618324 1 0
0.176903 0.209405 0 1
0.46956 0.899864 1 0
0.0147917 0.604854 0 1
0.786501 0.727685 1 0
0.200052 0.279415 0 1
0.122487 0.645392 0 1
0.0972637 0.710292 0 1
0.880347 0.996528 1 0
0.64123 0.14822 0 1
0.128068 0.441038 0 1
0.532297 0.319695 0 1
0.115943 0.648699 0 1
0.680044 0.503231 1 0
0.811313 0.729646 1 0
0.168124 0.662012 0 1
0.427888 0.513861 0 1
0.454992 0.0503521 0 1
0.268251 0.490129 0 1
0.59655 0.217332 0 1
0.701859 0.14631 0 1
0.0400481 0.0881049 0 1
0.778561 0.282611 1 0
0.83576 0.612264 1 0
0.3181 0.310448 0 1
0.698939 0.0726038 0 1
0.252441 0.769529 1 0
0.480411 0.275563 0 1
0.392849 0.61408 1 0
0.847327 0.0190414 0 1
0.0294428 0.845613 0 1
0.216414 0.266905 0 1
0.872055 0.624959 1 0
0.681479 0.617653 1 0
0.887232 0.713866 1 0
0.947003 0.287512 1 0
0.217782 0.25627 0 1
0.127853 0.832902 0 1
0.586594 0.887241 1 0
0.856173 0.698605 1 0
0.459086 0.85313 1 0
0.562948 0.462738 1 0
0.245159 0.383741 0 1
0.533788 0.3771 0 1
0.91688 0.006979 0 1
0.296019 0.187633 0 1
0.555648 0.783774 1 0
0.892992 0.509908 1 0
0.0238775 0.309285 0 1
0.154453 0.884248 1 0
0.549931 0.682432 1 0
0.636344 0.0389545 0 1
0.707517 0.232369 0 1
0.425591 0.903031 1 0
0.247908 0.596886 0 1
0.865216 0.683597 1 0
0.215862 0.99045 1 0
0.499449 0.237457 0 1
0.935813 0.200958 1 0
0.504943 0.57707 1 0
0.817664 0.485009 1 0
0.552695 0.146859 0 1
0.251536 0.565531 0 1
0.886284 0.773532 1 0
0.751616 0.414347 1 0
0.937537 0.183772 1 0
0.661977 0.851961 1 0
0.911107 0.970542 1 0
0.904444 0.992784 1 0
0.721525 0.677332 1 0
0.920547 0.637946 1 0
0.965484 0.88917 1 0
0.276117 0.700672 0 1
0.190141 0.70096 0 1
0.0344367 0.777225 0 1
0.816321 0.908032 1 0
0.286029 0.294552 0 1
0.539172 0.867217 1 0
0.314789 0.66371 0 1
0.979195 0.334946 1 0
0.430444 0.468771 0 1
0.632149 0.52714 1 0
0.637561 0.481157 1 0
0.806324 0.887756 1 0
0.51742 0.280299 0 1
0.979026 0.487877 1 0
0.745411 0.120268 0 1
0.345808 0.994281 1 0
0.883717 0.637715 1 0
0.0784864 0.120537 0 1
0.870428 0.278051 1 0
0.210611 0.745233 0 1
0.137615 0.900133 1 0
0.539177 0.942491 1 0
0.445236 0.0756992 0 1
0.276164 0.490235 0 1
0.379898 0.94389 1 0
0.952996 0.999971 1 0
0.513834 0.00413833 0 1
0.552991 0.112455 0 1
0.0319792 0.474304 0 1
0.635485 0.602653 1 0
0.786566 0.811997 1 0
0.234448 0.374384 0 1
0.263665 0.415066 0 1
0.0166927 0.55369 0 1
0.87141 0.796371 1 0
0.603191 0.827048 1 0
0.188753 0.365881 0 1
0.359922 0.215384 0 1
0.958929 0.711265 1 0
0.232951 0.207981 0 1
0.535952 0.741464 1 0
0.780331 0.0199728 0 1
0.682487 0.551873 1 0
0.329411 0.418107 0 1
0.124801 0.537023 0 1
0.748648 0.527113 1 0
0.191465 0.958771 1 0
0.0585642 0.288887 0 1
0.317655 0.825637 1 0
0.482946 0.87788 1 0
0.529575 0.559892 1 0
0.110893 0.78049 0 1
0.689954 0.0619872 0 1
0.818751 0.739217 1 0
0.0266847 0.489136 0 1
0.901934 0.804537 1 0
0.854557 0.542301 1 0
0.45951 0.992728 1 0
0.778644 0.662306 1 0
0.369356 0.763303 1 0
0.832557 0.781197 1 0
0.575979 0.473907 1 0
0.955648 0.574322 1 0
0.621651 0.0897999 0 1
0.266248 0.833016 1 0
0.495547 0.66376 1 0
0.817125 0.428233 1 0
0.314265 0.845145 1 0
0.356422 0.392424 0 1
0.469396 0.132069 0 1
0.676015 0.78266 1 0
0.167347 0.594174 0 1
0.283807 0.95089 1 0
0.615367 0.471468 1 0
0.954614 0.200588 1 0
0.280365 0.101875 0 1
0.214342 0.440986 0 1
0.654695 0.461359 1 0
0.0687437 0.374806 0 1
0.358644 0.733832 1 0
0.510318 0.913485 1 0
0.944952 0.808818 1 0
0.805931 0.278395 1 0
0.986871 0.34131 1 0
0.401267 0.0886495 0 1
0.931516 0.98892 1 0
0.771277 0.858849 1 0
0.667788 0.516777 1 0
0.471691 0.716711 1 0
0.757659 0.980718 1 0
0.92704 0.76153 1 0
0.0270582 0.766486 0 1
0.336434 0.454547 0 1
0.57642 0.889783 1 0
0.586803 0.397367 0 1
0.554155 0.68561 1 0
0.0432534 0.95911 1 0
0.758016 0.973111 1 0
0.0706742 0.821759 0 1
0.297618 0.058854 0 1
0.159753 0.96471 1 0
0.88759 0.730951 1 0
0.0923593 0.282533 0 1
0.529507 0.429272 0 1
0.767405 0.768829 1 0
0.715946 0.908569 1 0
0.317816 0.532825 0 1
0.193092 0.292459 0 1
0.362108 0.943917 1 0
0.407199 0.795506 1 0
0.0687074 0.764544 0 1
0.699614 0.408834 1 0
0.266281 0.388148 0 1
0.602398 0.504869 1 0
0.329633 0.14115 0 1
0.30831 0.766818 1 0
0.909655 0.565786 1 0
0.171198 0.317927 0 1
0.398702 0.985625 1 0
0.401718 0.681409 1 0
0.448221 0.247852 0 1
0.655413 0.526991 1 0
0.141364 0.898242 1 0
0.755626 0.80413 1 0
0.00534924 0.904697 0 1
0.239818 0.623026 0 1
